start=2604.790000
fullscreen=yes
sub-pos=98
sub-scale=1.200000
